{
  "advancedEditorSelectedIdentifier" : "ProjectBrowser",
  "openSceneRelativePaths" : [
    "Immersive.usda"
  ],
  "recentIdentifiers" : {
    "AF09ED6F-1707-48FD-8720-65B998362C09" : [

    ]
  },
  "sceneCameraHistory" : {
    "AF09ED6F-1707-48FD-8720-65B998362C09" : [
      {
        "date" : 734710477.377272,
        "title" : "Untitled",
        "transform" : [
          0.9994874,
          5.6972205e-12,
          0.03201312,
          0,
          0.011359404,
          0.93492895,
          -0.3546533,
          0,
          -0.029930063,
          0.35483518,
          0.93444973,
          0,
          0.09078015,
          -0.6120765,
          0.5632751,
          1
        ]
      },
      {
        "date" : 734710025.491868,
        "title" : "Untitled",
        "transform" : [
          0.9994874,
          5.6972205e-12,
          0.03201312,
          0,
          0.011359404,
          0.93492895,
          -0.3546533,
          0,
          -0.029930063,
          0.35483518,
          0.93444973,
          0,
          0.111140706,
          -0.49897337,
          0.5209789,
          1
        ]
      },
      {
        "date" : 734689190.881593,
        "title" : "Untitled",
        "transform" : [
          0.9994874,
          5.6972205e-12,
          0.03201312,
          0,
          0.011359404,
          0.93492895,
          -0.3546533,
          0,
          -0.029930063,
          0.35483518,
          0.93444973,
          0,
          0.10733682,
          -0.40082657,
          0.48358822,
          1
        ]
      },
      {
        "date" : 734688094.318234,
        "title" : "Untitled",
        "transform" : [
          0.9994874,
          5.6972205e-12,
          0.03201312,
          0,
          0.011359404,
          0.93492895,
          -0.3546533,
          0,
          -0.029930063,
          0.35483518,
          0.93444973,
          0,
          -0.024579465,
          1.7747201,
          -0.34674978,
          1
        ]
      },
      {
        "date" : 734688090.995977,
        "title" : "Untitled",
        "transform" : [
          0.9994874,
          5.6972205e-12,
          0.03201312,
          0,
          0.011359404,
          0.93492895,
          -0.3546533,
          0,
          -0.029930063,
          0.35483518,
          0.93444973,
          0,
          0.83389086,
          1.466944,
          -0.21251845,
          1
        ]
      },
      {
        "date" : 734688076.063577,
        "title" : "Untitled",
        "transform" : [
          0.9977571,
          8.0807194e-10,
          -0.066938736,
          0,
          -0.0058335927,
          0.99619544,
          -0.086952716,
          0,
          0.06668407,
          0.08714811,
          0.993961,
          0,
          0.5562258,
          0.7582277,
          4.898958,
          1
        ]
      },
      {
        "date" : 734688064.897025,
        "title" : "Untitled",
        "transform" : [
          0.99983203,
          3.3518335e-09,
          0.018325845,
          0,
          0.0073996163,
          0.9148558,
          -0.40371302,
          0,
          -0.016765488,
          0.40378082,
          0.9147022,
          0,
          -0.18538748,
          2.380125,
          3.2273734,
          1
        ]
      },
      {
        "date" : 734688057.200753,
        "title" : "Untitled",
        "transform" : [
          0.9866502,
          3.7039043e-09,
          0.1628543,
          0,
          0.02248961,
          0.9904188,
          -0.136253,
          0,
          -0.16129394,
          0.13809656,
          0.9771969,
          0,
          -0.73655605,
          1.4056202,
          3.6874137,
          1
        ]
      },
      {
        "date" : 734688048.088501,
        "title" : "Untitled",
        "transform" : [
          0.9901069,
          9.858979e-10,
          -0.14031453,
          0,
          -0.050321005,
          0.93347985,
          -0.35508204,
          0,
          0.13098079,
          0.35862997,
          0.9242449,
          0,
          0.6933814,
          2.6734972,
          4.1177335,
          1
        ]
      },
      {
        "date" : 734688045.584042,
        "title" : "Untitled",
        "transform" : [
          0.99999994,
          0,
          -0,
          0,
          -0,
          0.86602503,
          -0.5000007,
          0,
          0,
          0.5000007,
          0.86602503,
          0,
          0,
          3.4218805,
          3.8095322,
          1
        ]
      }
    ]
  }
}